                                                                                        Name_______________________
                                                                                               Date________________


Addition and Subtraction practice using numbers 0 to 1365.


 1) 947 + 1051 =         2) 1031 + 791 =         3) 707 + 742 =          4) 1008 + 405 =         5) 553 - 1318 =        






 6) 1263 - 749 =         7) 811 - 1029 =         8) 1232 - 125 =         9) 966 - 245 =         10) 140 + 1220 =        






11) 658 + 1013 =        12) 1122 - 607 =        13) 993 - 88 =          14) 979 + 327 =         15) 697 - 1149 =        






16) 1141 - 538 =        17) 568 - 943 =         18) 1243 + 786 =        19) 505 + 855 =         20) 1319 - 0 =          






21) 259 + 474 =         22) 1178 - 123 =        23) 195 + 1157 =        24) 369 - 681 =         25) 310 - 372 =         






26) 503 - 318 =         27) 510 - 892 =         28) 987 + 1082 =        29) 1161 + 1155 =       30) 1308 - 1275 =       






31) 966 + 1241 =        32) 1294 - 380 =        33) 741 - 531 =         34) 1102 - 944 =        35) 262 + 1018 =        






36) 687 + 944 =         37) 399 - 28 =          38) 1094 + 35 =         39) 370 + 77 =          40) 774 - 1069 =        






41) 61 + 89 =           42) 688 - 752 =         43) 1338 - 523 =        44) 973 + 335 =         45) 139 + 353 =         






46) 470 - 849 =         47) 1041 - 917 =        48) 61 - 519 =          49) 439 - 643 =         50) 224 + 278 =         






51) 956 - 737 =         52) 312 + 762 =         53) 3 - 1176 =          54) 344 + 358 =         55) 1146 + 224 =        






56) 1327 - 697 =        57) 347 + 385 =         58) 364 + 822 =         59) 794 - 702 =         60) 322 - 1352 =        






61) 889 + 539 =         62) 1207 - 895 =        63) 1276 - 733 =        64) 1206 + 396 =        65) 1092 + 402 =        






66) 946 - 413 =         67) 896 - 1331 =        68) 894 - 705 =         69) 534 - 701 =         70) 1027 + 437 =        






71) 111 - 1090 =        72) 300 - 555 =         73) 124 - 80 =          74) 466 + 758 =         75) 799 + 1051 =        






76) 908 + 1154 =        77) 652 + 881 =         78) 1047 + 529 =        79) 486 - 508 =         80) 134 - 52 =          






81) 1343 + 701 =        82) 880 + 653 =         83) 323 - 426 =         84) 88 - 855 =          85) 761 - 198 =         






86) 1132 + 286 =        87) 40 - 1328 =         88) 355 - 1024 =        89) 653 + 1202 =        90) 256 - 794 =         






91) 1011 + 821 =        92) 632 + 466 =         93) 595 + 1083 =        94) 785 - 937 =         95) 1031 + 823 =        






96) 1128 - 805 =        97) 881 + 406 =         98) 1153 + 245 =        99) 1329 + 255 =        100) 772 + 983 =         









Answer Key:
 1) 1998                 2) 1822                 3) 1449                 4) 1413                 5) -765                
 6) 514                  7) -218                 8) 1107                 9) 721                 10) 1360                
11) 1671                12) 515                 13) 905                 14) 1306                15) -452                
16) 603                 17) -375                18) 2029                19) 1360                20) 1319                
21) 733                 22) 1055                23) 1352                24) -312                25) -62                 
26) 185                 27) -382                28) 2069                29) 2316                30) 33                  
31) 2207                32) 914                 33) 210                 34) 158                 35) 1280                
36) 1631                37) 371                 38) 1129                39) 447                 40) -295                
41) 150                 42) -64                 43) 815                 44) 1308                45) 492                 
46) -379                47) 124                 48) -458                49) -204                50) 502                 
51) 219                 52) 1074                53) -1173               54) 702                 55) 1370                
56) 630                 57) 732                 58) 1186                59) 92                  60) -1030               
61) 1428                62) 312                 63) 543                 64) 1602                65) 1494                
66) 533                 67) -435                68) 189                 69) -167                70) 1464                
71) -979                72) -255                73) 44                  74) 1224                75) 1850                
76) 2062                77) 1533                78) 1576                79) -22                 80) 82                  
81) 2044                82) 1533                83) -103                84) -767                85) 563                 
86) 1418                87) -1288               88) -669                89) 1855                90) -538                
91) 1832                92) 1098                93) 1678                94) -152                95) 1854                
96) 323                 97) 1287                98) 1398                99) 1584                100) 1755                
